#Angle Analytic_growth_rate Numerical_growth_rate
0.000000e+00 0.000000e+00 4.997610e-08
2.526803e-01 1.285957e-03 1.253506e-03
5.235988e-01 2.300390e-03 2.309187e-03
7.580408e-01 2.652287e-03 2.653893e-03
1.065436e+00 2.250425e-03 2.258908e-03
1.215375e+00 1.733138e-03 1.742749e-03
1.570796e+00 3.252983e-19 -1.060077e-07
1.823477e+00 -1.285957e-03 -1.349978e-03
2.094395e+00 -2.300390e-03 -2.313075e-03
2.328837e+00 -2.652287e-03 -2.659423e-03
2.636232e+00 -2.250425e-03 -2.261010e-03
2.786171e+00 -1.733138e-03 -1.741048e-03
3.141593e+00 -6.505965e-19 -7.461533e-08
